Lotus,3,2023-07-18,14.3,54.0,46.0,79147
Pearl,3,2023-07-18,14.2,52.4,47.6,78747
Fracture,3,2023-07-18,14.2,51.8,48.2,78539
Split,3,2023-07-18,14.4,51.6,48.4,79374
Haven,3,2023-07-18,14.3,51.5,48.5,78945
Bind,3,2023-07-18,14.4,49.7,50.3,79549
Ascent,3,2023-07-18,14.2,49.1,50.9,78689
Lotus,4,2023-07-18,14.3,54.1,45.9,276046
Pearl,4,2023-07-18,14.2,52.1,47.9,274741
Fracture,4,2023-07-18,14.2,52.0,48.0,274231
Haven,4,2023-07-18,14.3,51.2,48.8,277156
Split,4,2023-07-18,14.3,50.7,49.3,276928
Bind,4,2023-07-18,14.4,49.6,50.4,278679
Ascent,4,2023-07-18,14.3,48.6,51.4,276010
Lotus,5,2023-07-18,14.2,54.2,45.8,674083
Fracture,5,2023-07-18,14.2,52.1,47.9,670943
Pearl,5,2023-07-18,14.2,51.7,48.3,673405
Haven,5,2023-07-18,14.3,51.0,49.0,678168
Split,5,2023-07-18,14.3,50.0,50.0,677782
Bind,5,2023-07-18,14.4,49.5,50.5,681612
Ascent,5,2023-07-18,14.3,48.2,51.8,675560
Lotus,6,2023-07-18,14.2,54.3,45.7,784620
Fracture,6,2023-07-18,14.2,52.2,47.8,782692
Pearl,6,2023-07-18,14.2,51.4,48.6,784240
Haven,6,2023-07-18,14.4,51.1,48.9,791902
Split,6,2023-07-18,14.3,49.6,50.4,790599
Bind,6,2023-07-18,14.4,49.4,50.6,795007
Ascent,6,2023-07-18,14.3,48.1,51.9,789200
Lotus,7,2023-07-18,14.2,54.3,45.7,998852
Fracture,7,2023-07-18,14.2,52.1,47.9,995749
Pearl,7,2023-07-18,14.2,51.1,48.9,998879
Haven,7,2023-07-18,14.4,51.1,48.9,1008515
Split,7,2023-07-18,14.3,49.4,50.6,1005551
Bind,7,2023-07-18,14.4,49.3,50.7,1011180
Ascent,7,2023-07-18,14.3,48.1,51.9,1005554
Lotus,8,2023-07-18,14.2,54.3,45.7,1018479
Fracture,8,2023-07-18,14.2,52.0,48.0,1015485
Haven,8,2023-07-18,14.4,51.0,49.0,1028846
Pearl,8,2023-07-18,14.2,50.9,49.1,1018782
Split,8,2023-07-18,14.3,49.3,50.7,1026068
Bind,8,2023-07-18,14.4,49.2,50.8,1032267
Ascent,8,2023-07-18,14.3,48.1,51.9,1025620
Lotus,9,2023-07-18,14.2,54.1,45.9,1184566
Fracture,9,2023-07-18,14.2,51.7,48.3,1184465
Haven,9,2023-07-18,14.4,51.0,49.0,1198747
Pearl,9,2023-07-18,14.2,50.7,49.3,1187404
Split,9,2023-07-18,14.3,49.2,50.8,1195621
Bind,9,2023-07-18,14.4,49.0,51.0,1203471
Ascent,9,2023-07-18,14.3,48.0,52.0,1195559
Lotus,10,2023-07-18,14.2,54.0,46.0,1052496
Fracture,10,2023-07-18,14.2,51.5,48.5,1051276
Haven,10,2023-07-18,14.4,51.0,49.0,1064590
Pearl,10,2023-07-18,14.2,50.5,49.5,1054130
Split,10,2023-07-18,14.3,49.1,50.9,1062053
Bind,10,2023-07-18,14.4,48.8,51.2,1069462
Ascent,10,2023-07-18,14.3,48.0,52.0,1063344
Lotus,11,2023-07-18,14.2,53.9,46.1,953700
Fracture,11,2023-07-18,14.2,51.2,48.8,954466
Haven,11,2023-07-18,14.4,50.9,49.1,966514
Pearl,11,2023-07-18,14.2,50.4,49.6,956668
Split,11,2023-07-18,14.3,49.0,51.0,962563
Bind,11,2023-07-18,14.4,48.6,51.4,969432
Ascent,11,2023-07-18,14.3,48.0,52.0,963800
Lotus,12,2023-07-18,14.2,53.7,46.3,824709
Haven,12,2023-07-18,14.4,50.9,49.1,835974
Fracture,12,2023-07-18,14.2,50.9,49.1,826151
Pearl,12,2023-07-18,14.2,50.2,49.8,826288
Split,12,2023-07-18,14.3,49.0,51.0,832584
Bind,12,2023-07-18,14.4,48.4,51.6,838596
Ascent,12,2023-07-18,14.4,47.8,52.2,835142
Lotus,13,2023-07-18,14.2,53.6,46.4,757569
Haven,13,2023-07-18,14.4,50.8,49.2,768020
Fracture,13,2023-07-18,14.2,50.6,49.4,759855
Pearl,13,2023-07-18,14.2,50.0,50.0,759776
Split,13,2023-07-18,14.3,48.9,51.1,765285
Bind,13,2023-07-18,14.4,48.3,51.7,770390
Ascent,13,2023-07-18,14.3,47.8,52.2,766163
Lotus,14,2023-07-18,14.2,53.4,46.6,687834
Haven,14,2023-07-18,14.4,50.7,49.3,698216
Fracture,14,2023-07-18,14.2,50.4,49.6,689632
Pearl,14,2023-07-18,14.2,49.8,50.2,688663
Split,14,2023-07-18,14.3,48.8,51.2,694739
Bind,14,2023-07-18,14.4,48.1,51.9,699033
Ascent,14,2023-07-18,14.3,47.7,52.3,696099
Lotus,15,2023-07-18,14.2,53.3,46.7,577648
Haven,15,2023-07-18,14.4,50.7,49.3,585804
Fracture,15,2023-07-18,14.2,50.1,49.9,579141
Pearl,15,2023-07-18,14.2,49.7,50.3,578208
Split,15,2023-07-18,14.3,48.8,51.2,583324
Bind,15,2023-07-18,14.4,48.0,52.0,586624
Ascent,15,2023-07-18,14.3,47.5,52.5,584655
Lotus,16,2023-07-18,14.2,53.2,46.8,519801
Haven,16,2023-07-18,14.4,50.6,49.4,527194
Fracture,16,2023-07-18,14.2,50.0,50.0,521671
Pearl,16,2023-07-18,14.2,49.5,50.5,520883
Split,16,2023-07-18,14.3,48.7,51.3,525026
Bind,16,2023-07-18,14.4,47.9,52.1,528297
Ascent,16,2023-07-18,14.3,47.4,52.6,526192
Lotus,17,2023-07-18,14.2,53.1,46.9,473382
Haven,17,2023-07-18,14.4,50.5,49.5,481047
Fracture,17,2023-07-18,14.2,49.7,50.3,475388
Pearl,17,2023-07-18,14.2,49.4,50.6,474163
Split,17,2023-07-18,14.3,48.6,51.4,478060
Bind,17,2023-07-18,14.4,47.8,52.2,481109
Ascent,17,2023-07-18,14.4,47.3,52.7,480136
Lotus,18,2023-07-18,14.2,53.0,47.0,387548
Haven,18,2023-07-18,14.4,50.4,49.6,393219
Fracture,18,2023-07-18,14.2,49.5,50.5,388363
Pearl,18,2023-07-18,14.2,49.3,50.7,386851
Split,18,2023-07-18,14.3,48.6,51.4,390998
Bind,18,2023-07-18,14.4,47.7,52.3,393053
Ascent,18,2023-07-18,14.4,47.2,52.8,393377
Lotus,19,2023-07-18,14.2,53.0,47.0,312521
Haven,19,2023-07-18,14.4,50.3,49.7,317099
Fracture,19,2023-07-18,14.2,49.3,50.7,313266
Pearl,19,2023-07-18,14.2,49.1,50.9,312529
Split,19,2023-07-18,14.3,48.5,51.5,315438
Bind,19,2023-07-18,14.4,47.7,52.3,317015
Ascent,19,2023-07-18,14.4,47.2,52.8,316625
Lotus,20,2023-07-18,14.2,53.0,47.0,240497
Haven,20,2023-07-18,14.4,50.2,49.8,244384
Fracture,20,2023-07-18,14.2,49.1,50.9,240777
Pearl,20,2023-07-18,14.2,49.0,51.0,240927
Split,20,2023-07-18,14.3,48.5,51.5,242767
Bind,20,2023-07-18,14.4,47.7,52.3,244395
Ascent,20,2023-07-18,14.4,47.0,53.0,243926
Lotus,21,2023-07-18,14.2,53.0,47.0,191246
Haven,21,2023-07-18,14.4,50.0,50.0,194102
Fracture,21,2023-07-18,14.2,49.1,50.9,191512
Pearl,21,2023-07-18,14.2,48.8,51.2,190961
Split,21,2023-07-18,14.3,48.3,51.7,192752
Bind,21,2023-07-18,14.4,47.6,52.4,193917
Ascent,21,2023-07-18,14.3,46.8,53.2,193315
Lotus,22,2023-07-18,14.2,53.0,47.0,138001
Haven,22,2023-07-18,14.4,49.8,50.2,139808
Fracture,22,2023-07-18,14.2,49.0,51.0,137653
Pearl,22,2023-07-18,14.2,48.8,51.2,137781
Split,22,2023-07-18,14.3,48.2,51.8,138762
Bind,22,2023-07-18,14.4,47.5,52.5,139646
Ascent,22,2023-07-18,14.4,46.7,53.3,139860
Lotus,23,2023-07-18,14.2,52.9,47.1,91308
Haven,23,2023-07-18,14.4,49.8,50.2,92514
Fracture,23,2023-07-18,14.2,49.1,50.9,91714
Pearl,23,2023-07-18,14.2,48.6,51.4,91248
Split,23,2023-07-18,14.3,48.0,52.0,91967
Bind,23,2023-07-18,14.4,47.5,52.5,92560
Ascent,23,2023-07-18,14.4,46.5,53.5,92427
Lotus,24,2023-07-18,14.2,52.8,47.2,43937
Haven,24,2023-07-18,14.4,49.7,50.3,44696
Fracture,24,2023-07-18,14.2,49.2,50.8,43979
Pearl,24,2023-07-18,14.2,48.4,51.6,43796
Split,24,2023-07-18,14.2,47.7,52.3,44080
Bind,24,2023-07-18,14.3,47.4,52.6,44231
Ascent,24,2023-07-18,14.4,46.3,53.7,44656
Lotus,25,2023-07-18,14.2,53.0,47.0,38880
Haven,25,2023-07-18,14.4,49.5,50.5,39429
Fracture,25,2023-07-18,14.2,49.4,50.6,38899
Pearl,25,2023-07-18,14.2,48.4,51.6,38933
Split,25,2023-07-18,14.3,48.0,52.0,39125
Bind,25,2023-07-18,14.4,47.5,52.5,39388
Ascent,25,2023-07-18,14.4,46.4,53.6,39386
Lotus,26,2023-07-18,14.2,52.6,47.4,19537
Fracture,26,2023-07-18,14.2,49.3,50.7,19581
Haven,26,2023-07-18,14.4,48.9,51.1,19857
Pearl,26,2023-07-18,14.3,48.1,51.9,19666
Bind,26,2023-07-18,14.3,47.9,52.1,19686
Split,26,2023-07-18,14.3,47.5,52.5,19702
Ascent,26,2023-07-18,14.5,46.1,53.9,19956
Lotus,27,2023-07-18,14.3,52.7,47.3,5055
Haven,27,2023-07-18,14.5,48.6,51.4,5118
Fracture,27,2023-07-18,14.2,48.6,51.4,5034
Bind,27,2023-07-18,14.1,47.8,52.2,5004
Split,27,2023-07-18,14.2,47.4,52.6,5010
Pearl,27,2023-07-18,14.2,47.4,52.6,5029
Ascent,27,2023-07-18,14.6,45.7,54.3,5155
